0, 0, 0,-4.13674189943475, 0, -4.076831821355724,-4.081978310779645, 0, -0.3410693177988291,0.3194902903584289, 0, 0.15981033665559607,-2.2081628691895117, 0, -1.6608824459620686,-1.5620419230594162, 0, 4.6704288118992245,-4.475298573727224, 0, -3.151927654198039,-3.4480245050036293, 0, 1.820204677325484,0.9532770752032285, 0, 0.6050073239478371,-1.7366965486696802, 0, -1.7211581938730882
0, 0, 0,3.498669903042016, 0, 1.8327096733676456,4.843708931820917, 0, -2.519768431522605,-4.406335853298504, 0, 2.1294238348349603,1.9751012660330183, 0, 0.7273352526350028,2.43249547865231, 0, -4.381382930184077,1.7959080056090393, 0, 1.1306985298436327,-1.1405265679693644, 0, -2.235053439152843,3.1313072337834136, 0, -3.5305198478764135
0, 0, 0,-4.912045686379855, 0, -2.8919919834966743,-1.9987902307382321, 0, 4.6324034074234355,2.168030448701047, 0, 1.4396546217216404,1.6202924784585102, 0, -3.6746939044931723,1.5812567840014715, 0, 0.9036559170211227,1.6896881363201812, 0, -3.1836161922231154,1.332803310195584, 0, 2.5276297162273833,-1.2246595007264327, 0, 0.26966962324714494,0.65590972481516374, 0, 2.6543408800590029
0, 0, 0,2.6641046677004283, 0, -1.9504891837889171,0.6433280101386529, 0, -4.2869855680558775,-4.751621550291757, 0, -0.9429697326685718,4.419340190693799, 0, 1.9737715237935536,-2.900999889354349, 0, -2.398419576906925,0.7106687385915409, 0, 4.3309234869189215,3.1056371685137627, 0, 2.034334341449626,0.42729694346090508, 0, 3.7038961373136399
0, 0, 0,4.281907230393475, 0, 1.6035721367651892,3.128701310689081, 0, -4.891343466062433,-1.5450070451077078, 0, 4.1905214274921825,3.6557009607709983, 0, 0.8468021590409789,4.485838019704682, 0, 3.74153498836219,-1.7271104831643322, 0, -1.5951844346643886,0.768709513493012, 0, 0.3144661713624233,1.5236013665806984, 0, -2.6819899033798023
0, 0, 0,4.445597962287087, 0, -3.573035675263123,-3.2114416291293404, 0, 2.328412269404751,-0.07912110575578346, 0, 3.3705410279277466,-0.6906389353050804, 0, -1.360452897124631,-3.1345924202222983, 0, 0.4852685440917126,-1.8780017166447225, 0, -3.1810587234940355,1.113579892150697, 0, 0.8551333057930366,-2.508123880716383, 0, 4.718909888228255,-1.0471827178040503, 0, 0.67512821172121207
0, 0, 0,4.871142792015803, 0, 4.6711212505508435,1.085656594421609, 0, 3.8103183201534456,3.4696113365093204, 0, -3.0273738415284326,-3.281667428496622, 0, 2.0343812380316084,0.1352127833795027, 0, -0.17896179999461026,-3.099376526653854, 0, -3.2984199682943496,0.3649150476286458, 0, 0.3616023765674665,-3.4160216773187972, 0, 3.7621093172430871
0, 0, 0,1.3787039874588727, 0, 4.871839581011294,-4.123696957664164, 0, -4.746924971259954,3.152797507629563, 0, 2.6546947012337565,3.2236330373163504, 0, -1.0118758220256083,0.191375154235355, 0, 0.22534470354485592,1.1671231098671653, 0, -2.6464520122052813,-2.143859606321148, 0, -0.22435213639881546,-2.6760653026268888, 0, -4.5905381198250303
0, 0, 0,4.5760701039893465, 0, -1.9076228985298416,0.8864078968007494, 0, -4.754333165774918,-4.618157918075729, 0, 1.9158438324105553,1.1059561410264536, 0, 3.1090746158948033,-3.1689194376137495, 0, 2.913092188960439,-4.457204980389826, 0, -1.902885532735091,-1.0199140426469242, 0, -1.3152240444679633,2.0337985666096126, 0, -2.8004928453177556,-2.5887915525307603, 0, -1.7562219980342344
0, 0, 0,0.36617685790642174, 0, 3.3604729250654746,-1.225065714738538, 0, -3.494733888746847,-1.7507847913165522, 0, 1.3573179737138164,1.7910932725812447, 0, -1.1947228247769246,1.7405521216878217, 0, -4.434284043438788,-3.490358736454937, 0, -1.5977168896436789,2.0102278001845386, 0, -1.8955451151799805,-2.4695257871804177, 0, 3.0124170518181703,1.231724962983074, 0, 4.5081979342519576
0, 0, 0,3.8567778156184076, 0, 1.5251450756626106,-3.975202526977988, 0, 1.8784061217846206,0.7871683131616987, 0, -1.922463405072079,-3.7557796221932263, 0, -4.1383719021686325,0.9543378445533666, 0, -0.8153273966709227,-3.7083150535272935, 0, -2.5274877033014165,-3.413849770125953, 0, 1.581207818230224,-2.962870554639625, 0, -2.0600327154897355,-1.6768088246424921, 0, 1.0280779989310034
0, 0, 0,-0.3140605746276073, 0, 3.8382204774362076,1.6543243257326212, 0, -2.190977407188522,4.327352355601326, 0, 2.6412509665232786,-0.19482632385993792, 0, -2.4070246846171486,1.024191824810396, 0, 3.120222415855757,-4.511824749769068, 0, -2.8609470693927586,-0.43593329874963516, 0, -3.861485880230231,-1.2450487435964575, 0, 0.56498411144986438
0, 0, 0,-1.7925789656184419, 0, -4.980007390908929,1.4320911453837883, 0, 2.0249802768292593,4.5811808588802485, 0, -1.0242182030012459,2.4487559436348967, 0, -3.8061823996093267,4.820145654981879, 0, -0.32471752735213855,4.328268875331187, 0, 3.09141185230461,-2.282163166042733, 0, -4.560415293141618,-3.64235070140581, 0, -1.72106852666285,-2.1258993023063848, 0, -4.5197584628381193
0, 0, 0,-0.7580209193990566, 0, 4.426155874781584,-1.6572518791399915, 0, -4.373089933368926,-3.2374939856472738, 0, 4.499530863286287,-2.8809026870471257, 0, -4.128028438568132,4.451854907929349, 0, 0.13025437406665397,-0.62852734267856736, 0, 2.3336903427684819
0, 0, 0,0.5484159917460554, 0, -3.4730197296486622,2.806787965338966, 0, 4.586216905605273,0.8364082638218715, 0, -0.4878916266564399,4.334657995696627, 0, -1.486786363727246,0.647995313650167, 0, 4.73964774042425,3.2752747572630536, 0, 3.2665012018543127,2.9000312426926476, 0, -4.8780022859645875,-2.2924818479220743, 0, -2.6977071803773938
0, 0, 0,-4.639866930025226, 0, -4.455778623270975,-0.15457172404120456, 0, -4.74272697191688,2.1022614261658914, 0, 0.41311769209985805,4.55249135310477, 0, -1.8644326689127921,2.779258537493961, 0, 4.245648761217428,-1.532258820585326, 0, 4.743230786286718,-3.6191477678242934, 0, 0.5060684668325859,1.947126461265106, 0, 1.0943119426323946,1.0474561297924363, 0, -2.8815761184977378
0, 0, 0,-3.4219758007621848, 0, -1.8824872166843765,2.6695735064985744, 0, 0.9646449529116232,-1.4501880598791428, 0, -1.653012032797668,1.1067510194139638, 0, 1.168354306630289,-4.294157846700043, 0, -4.182216273335343,0.2475755158106807, 0, -1.8703146760814082,3.904301735859125, 0, -1.5132935273317019,-0.6392551250290799, 0, 0.5443599618828703,-2.941323275486043, 0, 4.2010168098410006
0, 0, 0,2.5414426521457543, 0, 4.081542404416425,-2.2721415302107117, 0, -3.4154410255781786,-3.315627576744613, 0, 2.0115115722880637,4.602466182287349, 0, 1.1912782320489619,-3.3110034447554026, 0, -3.0166751886604306,-4.507852265249113, 0, 0.8190096670077907,0.18441930070097801, 0, 1.8992496798263261
0, 0, 0,-2.7454803388155993, 0, -4.982666939099959,-0.14612584975818077, 0, 3.452756774907167,3.4188694442785046, 0, 1.6407077186922958,3.7505693225138064, 0, -3.425846908981609,1.9945937453759992, 0, 0.9717476887261123,0.17770546937641019, 0, 4.17850121809966,3.7642389918206245, 0, -2.2858812427058472,-1.4835148371530504, 0, -0.34807113504436171
0, 0, 0,3.504804240793346, 0, -2.5697333864330654,-2.847990204705737, 0, -0.5944140064340973,2.410304331069362, 0, 1.1830648934907817,0.46242110128355574, 0, -4.053457474950014,2.6126404619237373, 0, 1.802248438403943,-2.488164672349674, 0, 1.3568087326874556,1.0701925419626335, 0, 4.920783441965561,3.3666113397609916, 0, 2.6305628382486095,0.14465488945409177, 0, 2.4719362744152473
