0, 0, 0,0.4318064684253651, 0, 3.0459700219550534,4.370085224910552, 0, 0.3467572651332018,-2.619300821594468, 0, -0.5303670556512854,-1.9505584820278554, 0, 4.274281571767185,3.72229990290802, 0, 4.863889020147093,-2.766550830636807, 0, -4.193152473666472,0.1707778760641574, 0, -1.8967623378892773,-4.2803731120975925, 0, -3.3437794379448356
0, 0, 0,3.856344968505786, 0, 4.025030570843265,1.2790555578753162, 0, -4.952264406674296,-0.3129484894917418, 0, -1.7244914097417938,2.2418007659361594, 0, 1.21131271486819,1.6351802271513884, 0, -4.448382795968384,-0.10270427440618235, 0, -0.5843272142475726,4.649003959236973, 0, 0.7049079019048845,4.806902921234514, 0, 4.73149536697904,1.9536080797255706, 0, 2.3557585452829635
0, 0, 0,3.2826777347408758, 0, 2.455897436746943,-3.566304463693253, 0, -3.0712052528795972,0.9483789287508557, 0, 4.446984092965673,-3.3692101897469993, 0, 3.1763590306003557,3.3393395023966317, 0, 1.5280822115924853,0.8441608630844382, 0, 3.4875150944532827,4.974594029730147, 0, 0.0652583070629067,2.723028328658129, 0, -2.4615651088576422
0, 0, 0,2.7412517654868385, 0, -1.90587725624476,-0.24919223420892145, 0, 1.6029314867263587,3.6956742941779233, 0, -4.025632750708147,0.3329582937225961, 0, -1.3881742855078052,0.08998377277758518, 0, 4.728196435521117,2.1183863546855983, 0, -2.270793943961351,4.037267178769824, 0, 0.599970911657782,-0.46801292787864845, 0, 2.1951779247414693,-3.5454856295461883, 0, -0.7555217811789179
0, 0, 0,4.863832662518291, 0, 2.647792703776773,-0.6078099083681412, 0, -4.18778443060539,-3.140922492104922, 0, 3.3130636057930456,-1.5002700659093549, 0, 0.37932167551954254,-3.2034010539199587, 0, -3.362916265415027,1.6200515032423262, 0, -2.379921505618392,-3.005268557222175, 0, -4.063326239785634,-1.3457387923595348, 0, 1.1506315374340312
0, 0, 0,4.444726637927944, 0, 0.8585420215274819,4.668408275259035, 0, -4.667499632130068,-1.6145477716595136, 0, -0.4778630977695535,-4.248098492550453, 0, -2.296675804114198,-3.2899488241213493, 0, 2.8890929232907956,-3.936245993496189, 0, -4.567054688846194,-4.863524872012002, 0, -0.4609935097794118,-1.7367639489512996, 0, -1.268226683645076,1.4326677308636375, 0, 1.161911564849298
0, 0, 0,3.392260900736101, 0, 4.839214100925254,-3.006575722282283, 0, -4.355898476509924,-2.255980041440624, 0, 0.7901790897778422,2.5696803607099863, 0, 3.1439696573727325,1.9683943121923537, 0, -0.7881475352895464,2.6386236168585766, 0, -4.65240734538833,-1.0787286409150534, 0, -2.0624901890087655,3.664242076076783, 0, -3.2432723015012686
0, 0, 0,-2.685978231495134, 0, 4.281297699363737,-0.819028980138528, 0, 0.9494863003933274,-1.051859694935163, 0, -3.354022538691517,4.738847692419878, 0, 3.6145299637051806,0.15951015599904217, 0, 0.9027351598002733,4.5831731003114395, 0, 0.9554249714791299,2.092264225928587, 0, -2.7415558689294253,-3.074892745451411, 0, -4.529206345664313,-0.0076191137821095545, 0, -4.200460606720796
0, 0, 0,-1.4218965061786735, 0, 3.7751703419169793,-3.514839780628768, 0, 0.7804905067476948,0.23123059152089098, 0, 3.4067530988400385,-2.4161962420936014, 0, -1.9474130395532816,2.1983681958993806, 0, 2.4346657778979655,-3.341242192568563, 0, 3.8311499140294885,4.164149747592139, 0, 4.88507012313876,4.813781215385921, 0, 1.3530382258698515,2.2410407541881745, 0, -1.0457230611907025
0, 0, 0,0.9206981870506512, 0, 4.0454262345980485,-0.40900607483385976, 0, -4.5646747558721446,2.5877366259798933, 0, -1.1552672666529906,-0.5758667349622062, 0, 0.5362599778798742,-4.404268349638435, 0, -3.3235580896063954,-4.225157372204803, 0, 4.259618130091665,-1.2491626699628764, 0, -0.5973991088871378,-1.8013137435265612, 0, 4.668062745422305
0, 0, 0,-0.9348704953698039, 0, -3.613416294451044,3.449909310231657, 0, 4.084758501807773,0.8919577684243976, 0, -1.8954879102401936,-3.5088591772281505, 0, -3.8257152641586947,-3.5113367490892444, 0, 4.315675289210635,0.7927320915931784, 0, 2.0305857358254524,-1.8783627597263841, 0, 4.416676183677771,-3.906941426755996, 0, 0.39726910254908265
0, 0, 0,-3.56898310823466, 0, 0.2996678979626344,1.968256273081077, 0, -0.2683855080999731,-4.829163793096924, 0, -4.986846012772229,-2.9566790091981443, 0, 1.5480974218575119,2.657901873197731, 0, 1.5404282381750036,1.642583935726405, 0, -4.537682394087534,-2.5093734248651156, 0, -2.257216053571515,-1.5410938038754491, 0, 1.8971617867319184
0, 0, 0,3.1815710031599185, 0, -2.947203807149088,-4.456667889663994, 0, -1.984536829013841,4.5169346181320815, 0, 4.863036348865625,-2.609474483542238, 0, 3.783688341095793,1.220318091599574, 0, -1.687977617487546,-1.7580725684737408, 0, -1.3136713183234319,-0.16567453707400115, 0, 3.2021380352524043
0, 0, 0,3.8218241186900688, 0, -0.7011971198277278,-3.914954950886298, 0, -4.349165702017377,4.004729314382967, 0, 3.623396875466188,1.2866806452840347, 0, 1.6056543910336938,-3.554279792023669, 0, -1.7578436409665255,1.1972362896682043, 0, -3.4176555080609026,-2.2372887121155793, 0, -2.9131607613899293,1.097281254537278, 0, -4.097953991390069
0, 0, 0,-0.5558461650159554, 0, 4.636465212924911,-2.5605960303051454, 0, -0.8321328323930128,-2.2407468904629333, 0, 4.3951362037762625,-1.8879633180948474, 0, -4.931468923686069,1.3738890049142025, 0, 1.1420657641479597,2.910551626990908, 0, -1.455878190506028,-0.037304082557025, 0, 3.860687503750068,-3.6845708397706987, 0, 2.3598095559139693
0, 0, 0,3.162818274038477, 0, 1.3812954191424893,4.075568739131636, 0, -3.123620823414189,-2.132080546842313, 0, -1.75945347263092,4.265735722554485, 0, 2.973504434556834,-3.2891051805564597, 0, 2.5493670754209665,-4.46852503418517, 0, -0.9390101230725261,-1.051981318100541, 0, -3.8479617681861775,-4.36140895262651, 0, -2.8419680284787487,-1.6964800191333658, 0, -0.6618824059352435
0, 0, 0,4.975776789672885, 0, 4.784250144553388,-4.313798226168699, 0, 0.01719820298031749,-0.03905460893125934, 0, 0.29026204619042684,-3.428858615686173, 0, 2.4540222883555787,-4.8533279974966845, 0, -1.6249346843302304,-2.9555933060363193, 0, 4.859213938029699,-0.9766913838148081, 0, 2.0909070179425573,-3.6970609788895445, 0, -1.950196249750892
0, 0, 0,-2.4691167237780274, 0, 2.827371342316841,1.2991754559569113, 0, -4.966707569884056,1.0793767911957186, 0, 2.341368694266234,-2.3856959411709013, 0, 1.251185869666843,1.9670427256930374, 0, -4.424809546124157,0.9866970040378744, 0, -0.40147380002698885,-2.953440199673041, 0, 0.09694484817199012,-2.98971219962615, 0, -3.1626411138870445,0.05232258190111061, 0, -3.8553004536415902
0, 0, 0,-3.9867721668828127, 0, 3.2602821764555934,0.34219076907490553, 0, 1.3040198541134789,-1.9245229864790083, 0, 3.4719606350991867,3.0209020917177725, 0, 0.7080473099016409,-3.8892728582861915, 0, 3.9037519522875783,2.034649009732936, 0, 1.6189861346573409,-2.8334359787746397, 0, -1.2589278017114305,-4.2026351932605746, 0, -4.253136083782387,-3.7411389087421285, 0, -0.8973878239446251
0, 0, 0,4.863139317264345, 0, 4.532920349496436,-0.7858377006224293, 0, -1.4361262542270459,-2.1700058719921533, 0, 4.850588171142551,1.3848827287950813, 0, -3.8621567729318973,0.1464306926803296, 0, -0.8659284465482884,2.766974129525533, 0, 1.9869961287545879,0.6622869372973526, 0, -0.3111148783949833,3.2706191732040883, 0, 2.792458716049924
