0, 0, 0,4.495823534860916, 0, 4.405411711512025,4.738383564592041, 0, 0.767461234886123,-4.379201689464695, 0, -1.0477806428146508,4.661355889129121, 0, 2.224354765505778,2.627803969194142, 0, -3.959744019082314,4.280765336949992, 0, -1.1113643241108182,0.9979094243844315, 0, -0.5273115408662008,3.8369615779766377, 0, 0.4755255830118945
0, 0, 0,-0.17540918924703686, 0, -4.6881732973526935,-0.31818811144082737, 0, 3.8795602610383266,-3.3957010215730845, 0, 4.719783601911981,4.846320262600795, 0, -1.7681184144834483,0.2778138236838874, 0, -4.474348182091558,-0.599245503487289, 0, -0.9302741099709619,1.0257772927452873, 0, 3.350125938059115,-3.4418692567316302, 0, 2.6583305010648086
0, 0, 0,0.34259620471755703, 0, -4.324291285094372,-3.1005799056401284, 0, 0.5977428589719382,-1.5935721725401333, 0, -2.409086529326634,-4.029153792127031, 0, -4.560455191958473,1.4243184280546464, 0, 3.6971932454592498,2.7451058573155773, 0, -1.3774553372515994,-1.9177161678715429, 0, -3.8022963026947796,2.361113222346763, 0, -3.798027307018886,4.443550872847844, 0, -1.1507112448611352
0, 0, 0,2.387320125460219, 0, -4.0156620213913,-1.3553150450468032, 0, 4.6699007403589405,0.19025745294873797, 0, -3.4608034958038236,3.3996580362969144, 0, -0.6989533835880444,-0.4710464719549776, 0, 0.6671967711355533,4.909484714722341, 0, -4.799378709414698,2.6912540447526867, 0, -2.5271595345286846,1.7101642741897312, 0, 0.7383988664998178
0, 0, 0,2.345789443867049, 0, 2.237499814532562,0.34109845532461947, 0, -1.3072401566004652,-1.0468931819618787, 0, 2.452212781005719,4.676616546790559, 0, 3.049593717890003,2.9096320119480437, 0, -2.0995296082523254,-0.183553767723998, 0, 0.6403277970132191,4.145574290268126, 0, -3.257294079442281,4.996144247193534, 0, 0.35708467692179635,4.343409059502006, 0, 3.6327913697617635,-0.24807577750654364, 0, 0.6608870258343456
0, 0, 0,1.142769384510716, 0, 4.870409933869004,4.95445769618852, 0, -2.0101982396229277,-3.4253003042599763, 0, -3.5170345800380165,0.6486537665017034, 0, 2.2838058284706095,-4.331613187915268, 0, 1.4328443152660277,3.386330952262103, 0, 1.503189127983191,4.631787287591344, 0, -2.0425247693367035
0, 0, 0,-0.4860713155551819, 0, 4.251369174803219,-4.830572885918983, 0, 3.0323140528395953,-1.2087992647854406, 0, -3.732882416159006,1.0799425313138062, 0, -0.2199860939749234,1.139317105520866, 0, 2.900476795470169,3.0666157341426636, 0, -0.6691029300122633,2.0182338803761812, 0, 3.2200317720803877,-2.693420517674311, 0, 3.5470985256326095,-1.8252595655245907, 0, -1.1562066541879523,1.8042294575609383, 0, -1.2568380191179496
0, 0, 0,2.3544619705767245, 0, 3.54115921240677,-2.750939234691966, 0, 0.12436333600787464,3.757590947706534, 0, 2.6315099453365374,0.11570812828838584, 0, 4.379001825170768,4.712050289197402, 0, -3.696128555375644,3.7838845266728214, 0, 4.462146947784843,0.7459818858827294, 0, 4.087435516652807,-2.2806784899330883, 0, 4.0729469588953915
0, 0, 0,3.9506300146472277, 0, -4.770778326369918,4.443489484700656, 0, 4.443580599852638,1.0205045248922513, 0, -3.3060996390637176,1.0650178494124853, 0, 0.09590700636834182,0.739915661562371, 0, -3.313365313273523,3.0125538761810287, 0, 4.809706241423067,4.988056780332164, 0, -0.6905727166046107
0, 0, 0,4.383846203031984, 0, -0.9904289433234048,-1.8156115061823854, 0, -2.142276320916847,2.5401856225705375, 0, -2.7179232427143907,-3.201429745385136, 0, 3.546970314714013,-0.22676709266677264, 0, 4.3623184232154415,-0.04525915479830811, 0, -3.81334984070317,-3.875439737661406, 0, -2.546486707428807,-2.9189994059479285, 0, 0.30213488840519354,-2.2071604557650195, 0, 3.223946615480041
0, 0, 0,2.7805648954111906, 0, -4.251319437321396,2.3473002234376406, 0, 3.470731538073169,-2.594015160978962, 0, 4.1422787306449855,-0.6066283740231562, 0, -0.9272340233655267,-1.1911571241010668, 0, 3.879713261952233,-0.7342235513241269, 0, -2.6893441888409897,-1.1991213110183594, 0, 0.3441198855493832,-4.322912933620028, 0, -0.935716598600238,-3.837989642977553, 0, 2.9159307488023836
0, 0, 0,3.7180766430435597, 0, 1.458309643099188,0.046281158222347685, 0, 0.4095656217957746,-2.970657959700157, 0, 2.1150599178382627,1.424050521609102, 0, 3.3547981716176665,4.080858910378849, 0, -4.18421849296334,-4.86347746860459, 0, 1.6769159907207518,-0.024768498171743758, 0, -1.0036592889871665,-2.836955399573301, 0, 3.054074507342281
0, 0, 0,-0.8196050224373685, 0, -3.781107867744944,2.3051513169052065, 0, -4.8593781721636,-0.727481348886859, 0, 4.802846203823263,-3.0445126300820844, 0, -1.1372234877181042,1.8244955371241645, 0, -3.518685987074467,3.698351748373522, 0, 2.1955098813529927,-0.04006872102491599, 0, -1.5248030614195205,2.999917858861121, 0, -4.996595013265076
0, 0, 0,-4.956395321662853, 0, 1.6046887076733807,-1.6470476276164314, 0, -3.3330960610012994,4.637429415521773, 0, 0.2593788544220663,1.0383151724099005, 0, -0.28791684404021556,-4.799665372564814, 0, -2.766294142522306,2.5107479921803915, 0, -4.930580413785194,-0.4648965410518988, 0, -3.079235085921981,4.950743759619789, 0, -2.1433391198905456
0, 0, 0,2.56101473816463, 0, 2.582605866147512,-4.140473593717175, 0, -1.0790996764298155,-0.2295636237147045, 0, 0.979150467078945,4.915281397191707, 0, -0.3459823360602874,-3.1316093351119765, 0, -2.6679765939802547,1.9116976836656665, 0, 2.6970181633706005,1.1777773285913993, 0, -1.48840372887304,0.7715440018066835, 0, 2.497199695160833
0, 0, 0,2.7781297692691878, 0, 1.8731337079428831,-1.2736752445908128, 0, 0.6265157622930264,0.6137933719467004, 0, -3.3190323768429417,4.236859794716409, 0, -3.856572637884743,-2.2998547658759683, 0, 0.04101687138814292,0.7151385938137675, 0, -4.6365521908439975,3.1033030968947486, 0, 3.200833339955496,1.7969569540016348, 0, -1.3679325166957588,-1.0161932304849608, 0, 0.2656377870266682
0, 0, 0,-4.070806648241691, 0, 1.6904002416598072,0.7002096668556836, 0, 3.1718228489195965,-4.152305927094478, 0, 1.6182949280410597,3.8675679912318977, 0, 1.275764323674144,-0.27687555156557764, 0, -0.7604468145214724,-2.888455094420601, 0, -3.117503130500714,-4.683332545814118, 0, 0.2826230765277842,-3.421380751926799, 0, 3.6835384402891638,-4.5302446555391445, 0, 0.06732208125385242,-4.905920339861332, 0, -2.99355067119048
0, 0, 0,-3.8642332925117797, 0, 0.42059530380282517,2.0828004175381842, 0, -3.032762109489824,0.599650205753747, 0, 2.9650603268308213,0.4584587333797083, 0, -2.357800071785403,-3.907100293564868, 0, -1.8374584506356295,2.034052370509265, 0, 4.821126917584584,-0.10195098183889773, 0, -0.6095599414630577,3.051190398891051, 0, -2.298201068357584
0, 0, 0,3.2626533527061383, 0, 3.7502986761872155,2.852654101635265, 0, 0.38991101500920866,-1.8117325349344684, 0, 4.0843488105002645,-3.101778014976709, 0, -0.4764415111934177,1.6657617382661503, 0, 3.17014528831729,-3.6993672111309794, 0, 1.7997232642752863,2.964651852545156, 0, -2.675283235276933,-0.3294767194796302, 0, -2.273495767599656,-2.485638647734376, 0, -4.456806531585114
0, 0, 0,3.1747024726983994, 0, -3.404518066222887,-2.5697777681180733, 0, -4.528080384247797,4.886352124271054, 0, -0.058486796898242766,-2.9140532291983554, 0, -3.8265679890394075,0.028145607784995974, 0, -1.738288132968714,3.1584570606919513, 0, 3.293123866232593,-0.9700607527480081, 0, 4.109457060245637,-4.362379187130053, 0, 4.020084263223784
