0, 0, 0,4.009112299709152, 0, -2.235967831612966,0.9937738698087726, 0, 4.937976715302209,-4.026569210775928, 0, -3.889173639081671,2.2193262400531353, 0, -1.2087783268500187,4.173964464881669, 0, 4.634319987349244,4.639271633631708, 0, 0.3498432141196801,0.8961376079806156, 0, -3.2668218786684218
0, 0, 0,-4.789867552786676, 0, 1.9718296903098889,-4.210774614389269, 0, -1.8839416038114507,3.655262009320655, 0, -3.0768785460370496,-2.6610344838914246, 0, 2.569050279821541,2.6578534731365018, 0, 3.251409097060746,4.453409842695692, 0, -3.707796062960249,1.4242300474668195, 0, -2.0161548654691352,-2.0143731610516906, 0, -2.5121472076472027
0, 0, 0,-2.888163774993985, 0, 3.8429661245196804,4.992900647996283, 0, 1.325180220507482,-4.596856579673403, 0, 1.0828223225746134,3.4599609743010706, 0, 1.5527940660772224,-1.7191403150228246, 0, 4.536095784251904,1.7370164187727521, 0, 3.9358146310020246,-2.489204964233714, 0, 1.7216011079178957
0, 0, 0,3.672889258314264, 0, -0.20760384534693443,-2.8478872682624767, 0, 1.9993167356396055,1.0656714530870346, 0, 2.423298573495618,-0.2689717331772137, 0, -4.575379224336244,-3.059058312339975, 0, -3.1232114963881163,-0.6005148205662261, 0, 2.878128264285184,4.903384688454146, 0, -4.574573559794466,3.6553426497299757, 0, -0.2715689708374338
0, 0, 0,-0.9296672665061001, 0, 3.3675150637584856,0.1684892535931386, 0, -4.08546956003716,-4.542578850432654, 0, 4.970602793574818,0.9428884057587066, 0, 1.4736331553667634,-4.956191659294689, 0, -4.322422776312735,-1.4252956463959099, 0, -1.061293872903244,-4.92847079437329, 0, 1.2247259392673802
0, 0, 0,-3.9450566492819314, 0, 0.6837088412516401,-1.1968776754742638, 0, -2.812427364200132,3.1507259479125604, 0, 0.7781519217898971,-3.880774110910318, 0, -1.3763154524356147,2.4438155389473515, 0, 4.8143000754360195,0.21371467857253457, 0, 0.11015133628698948,2.590395940031711, 0, 3.800708905371419,-0.15875812712058357, 0, -0.5075720399332813
0, 0, 0,2.4163677731812383, 0, 2.0403345101765433,-2.147755929449038, 0, 3.915897146283335,4.419819343784459, 0, -4.1527923746815105,3.017713402589708, 0, 3.7970550112628736,3.3309460828575173, 0, -3.4444260219367107,3.816613506932395, 0, 1.1879620546572411,3.533700870523763, 0, 4.61429117250238,1.0437879293264514, 0, 2.796745321981538
0, 0, 0,0.22646449028175475, 0, 3.1718828101903647,-4.384684518699046, 0, 1.5211787246461945,3.508795434063849, 0, 3.952233978419766,-4.197990643425491, 0, 0.7966320499185073,0.7269596260595765, 0, -0.08062002626696874,-0.688901129776669, 0, -4.096115033355224,2.550873781815387, 0, -3.075247833517664,-1.2830447667161096, 0, -4.7353968919860945,0.4330158055138742, 0, -1.6847719991302004
0, 0, 0,4.739449959549603, 0, -1.379402735846329,1.236183454670016, 0, 4.149147186765877,2.9006901099281235, 0, 0.1060436893821981,-2.396408491840414, 0, 3.8338160747805166,-4.497953348762388, 0, -0.6512075465048213,4.515202031466881, 0, -2.370235866683684,3.4448756233600992, 0, 0.7275480841816382,-1.7041842699147098, 0, 1.8173686591199154
0, 0, 0,2.681684020221989, 0, -2.7111531362715544,-0.556516053236221, 0, -4.873984873289491,0.6547212369681263, 0, 2.8528723031594447,4.025170526289386, 0, 0.7249371916143215,-2.497327092879773, 0, -3.384727308314175,0.7245380754874722, 0, 1.6205476255257958,4.350588749899044, 0, -1.0394971138411044,1.5730925826909363, 0, -3.6356392298644638,2.5542479969166023, 0, -0.2504268165649326
0, 0, 0,-4.391674011717291, 0, 2.6542138723355215,2.060860421533733, 0, -3.4008342236222178,-3.5423851455865862, 0, 2.7927189219558413,1.8458143492508814, 0, -0.3469109758782487,-1.1058636575493486, 0, -1.4024557817879812,4.451464537952383, 0, -3.516258691461301,1.947450333835623, 0, -0.4503397502998565,0.26466966308618733, 0, -3.396250660042841
0, 0, 0,-2.3917686565698624, 0, -4.523072806652301,1.3193152969961215, 0, 0.4008901599815893,4.11711650209465, 0, 3.525867677323717,-4.610525244998234, 0, 1.0464904692669936,2.766535133252747, 0, 4.056856514009896,-2.047334318046703, 0, 3.5574159378455548,-4.39576256010316, 0, -0.12847893195170457,-2.5470629710804418, 0, -2.8286797722262693
0, 0, 0,-1.279664711884767, 0, 3.1425784854629004,1.4026149143573772, 0, 0.9631640667676482,-0.865562849640992, 0, 3.3099997436534263,2.038584382805457, 0, 4.348941758708612,4.135783194334055, 0, -1.178208382601352,-4.161191854566439, 0, -1.9255825228416636,3.411913519292609, 0, 4.362346807715234,4.623512489240714, 0, 0.8698658896784046,2.5297139306228256, 0, 4.302074457651942
0, 0, 0,4.876217303855098, 0, -0.9563103973850753,4.113996549030913, 0, -4.988158204522396,0.6297250963407297, 0, 4.009381210341056,4.487020076601725, 0, -4.725520042970394,-3.5335718420199913, 0, -2.565779251038337,-0.07469106485150068, 0, -4.899724938816181,-4.321884279966522, 0, -4.711114426550322
0, 0, 0,1.653425041130772, 0, -3.458295990864947,-4.995746053075094, 0, 2.8754635741273358,-4.23076021659234, 0, -2.3973801036431217,-1.1709459491290106, 0, 0.15866122785508718,-4.161767506130567, 0, 1.0635623253180446,-0.5913380881818213, 0, 3.950672033348493,-2.8926395227039023, 0, 1.184654999521757,3.30376403582029, 0, -1.4708434815042781,4.150097327987438, 0, 3.0635972518019092
0, 0, 0,2.9543018279236684, 0, 2.0846385452885228,-3.568704196496919, 0, -1.6523226744353403,4.703468269988203, 0, -2.3067339474954096,-1.0792078379375702, 0, 2.7285471764503413,0.8315005054264191, 0, -0.7021272467749915,4.591204759482444, 0, 1.9592842919856626,4.911514216154826, 0, -3.9475280484375794,3.4003073622543623, 0, -0.8436438586673014
0, 0, 0,-0.025418124608245662, 0, 3.0654190277836886,3.5916618148031745, 0, -4.394650766437613,-2.1451512868209877, 0, -1.24596951858888,3.202727951726695, 0, -0.073365159089672,1.4391509491962298, 0, -3.3002613934723546,3.8619914994595863, 0, 1.943230947825107,0.11027804959107534, 0, 2.218902831533822,-2.799188312769428, 0, 3.647970698441558,2.3682981344426812, 0, 3.585464205671322
0, 0, 0,1.1991098789925525, 0, 4.8702241231797,4.865288522342796, 0, 4.631446715405589,0.34997014430789797, 0, 1.1612833813340675,-0.7640340296798893, 0, -4.052045585182357,-3.0955828898973667, 0, 3.7631203684082166,4.158092117280553, 0, 4.0529739520538755,0.14439371973354298, 0, 3.3336367044006323,-4.089515461108486, 0, -0.6186739332852054
0, 0, 0,-1.2877329244607996, 0, 4.053825919869315,4.423699439824212, 0, 0.796329638777415,1.603471146955191, 0, 2.6571518905651246,-4.249334480378723, 0, -0.8492254365890854,-1.116313848893867, 0, -1.862584850182336,2.0536020249995603, 0, -4.611252030001692,-0.2632145581230585, 0, 3.666029211176472,-0.4076691556390841, 0, -0.9202862657914403,0.18824956075295074, 0, 2.322845218554867
0, 0, 0,-0.911369975143808, 0, -4.699362646794759,0.451018663175601, 0, -1.4708268884858255,-2.2043136437336432, 0, -3.1576476231725725,-1.0922668127986155, 0, 1.3434013662192843,4.422851185006554, 0, 2.4706007787884605,4.006769370106346, 0, -1.156661088900913,-2.8588997498246282, 0, 1.407810213391726,2.2486435024461118, 0, -1.789229664680534,4.585357119655367, 0, 0.3726985055414822,1.7145802828834271, 0, -0.8194393574298142
